1
Paracetamol
70
10
A24B6
31 12 2024
4
1 Gabbar_Singh 15 1234567890
2 Ramesh 10 9876543210
3 Kiran 10 5555555555
4 Gopal 15 6666666666
65

2
Ibuprofen
95
15
B8C012
15 12 2025
5
1 Gabbar_Singh 20 1234567890
2 Ramesh 15 9876543210
3 Kiran 15 5555555555
4 Gopal 20 6666666666
5 Naruto 10 1112233445
50

3
Amoxicillin
150
20
X38P21
25 10 2024
6
1 Rajesh_Singh 30 1234567890
2 Ramesh 25 9876543210
3 Kiran 25 5555555555
4 Gopal 30 6666666666
5 Naruto 20 1112233445
6 Akshay_Kumar 20 9876543210
80

4
Cetirizine
80
12
A24B6
30 11 2023
7
1 Gabbar_Singh 15 1234567890
2 Ramesh 15 9876543210
3 Kiran 10 5555555555
4 Gopal 20 6666666666
5 Naruto 10 1112233445
6 Akshay_Kumar 10 9876543210
7 Rajesh 5 4445556666
95

5
Omeprazole
90
25
B8C012
30 04 2025
8
1 Gabbar_Singh 20 1234567890
2 Ramesh 15 9876543210
3 Kiran 15 5555555555
4 Gopal 20 6666666666
5 Naruto 10 1112233445
6 Akshay_Kumar 10 9876543210
7 Rajesh 5 4445556666
8 Suresh 5 7778889999
45

6
Lisinopril
90
8
A24B6
31 12 2025
9
1 Gabbar_Singh 20 1234567890
2 Ramesh 15 9876543210
3 Kiran 15 5555555555
4 Gopal 20 6666666666
5 Naruto 10 1112233445
6 Akshay_Kumar 10 9876543210
7 Rajesh 5 4445556666
8 Suresh 5 7778889999
9 Mahesh 5 2223334444
99

7
Simvastatin
85
30
X38P21
15 01 2025
4
1 Gabbar_Singh 20 1234567890
2 Ramesh 15 9876543210
3 Kiran 15 5555555555
4 Gopal 20 6666666666
90

8
Atorvastatin
45
15
Ak47
20 02 2025
5
1 Gabbar_Singh 10 1234567890
2 Ramesh 10 9876543210
3 Kiran 5 5555555555
4 Gopal 10 6666666666
5 Naruto 5 1112233445
25

9
Metformin
60
5
Ak47
31 07 2024
6
1 Gabbar_Singh 10 1234567890
2 Ramesh 10 9876543210
3 Kiran 10 5555555555
4 Gopal 10 6666666666
5 Naruto 10 1112233445
6 Akshay_Kumar 10 9876543210
10

10
Amlodipine
125
18
BLUE64
1 1 2023
7
1 Gabbar_Singh 25 1234567890
2 Ramesh 20 9876543210
3 Kiran 20 5555555555
4 Gopal 30 6666666666
5 Naruto 15 1112233445
6 Akshay_Kumar 15 9876543210
7 Rajesh 10 4445556666
25