koflet,k3,5,(45,46,47,48,49,)20.000000,15,9,2027,3,3,sss3,9999988888,5
koflet,k3,5,(89,90,91,92,93,)20.000000,15,9,2027,3,3,sss3,9999988888,5
nycil,n3,5,(94,95,96,97,98,)20.000000,16,9,2027,3,3,sss3,9999988888,5
nycil,n3,5,(40,41,42,43,44,)20.000000,16,9,2027,3,3,sss3,9999988888,5
koflet,k1,5,(70,71,72,73,74,)20.000000,17,9,2027,3,2,sss2,9999988888,5
strepsil,s1,4,(36,37,38,39,)20.000000,18,9,2027,3,2,sss2,9999988888,5
strepsil,s1,4,(75,76,77,78,)20.000000,18,9,2027,3,2,sss2,9999988888,5
relent,r1,5,(31,32,33,34,35,)10.000000,25,10,2027,3,1,sss,9999988888,5
relent,r1,5,(55,56,57,58,59,)10.000000,25,10,2027,3,1,sss,9999988888,5
limcee,l1,5,(26,27,28,29,30,)10.000000,26,10,2027,3,1,sss,9999988888,5
limcee,l1,5,(60,61,62,63,64,)10.000000,26,10,2027,3,1,sss,9999988888,5
vita,v1,5,(21,22,23,24,25,)10.000000,27,10,2027,3,1,sss,9999988888,5
vita,v1,5,(65,66,67,68,69,)10.000000,27,10,2027,3,1,sss,9999988888,5
ret,e3,5,(16,17,18,19,20,)34.000000,12,1,2028,4,2,dfalkdsj,2222233333,4
crocin,c1,5,(50,51,52,53,54,)2.000000,29,10,2029,3,1,sss,9999988888,5
crocin,c2,5,(6,7,8,9,10,)20.000000,14,9,2030,3,3,sss3,9999988888,5
crocin,c2,5,(84,85,86,87,88,)20.000000,14,9,2030,3,3,sss3,9999988888,5
vitac,vc1,5,(1,2,3,4,5,)10.000000,28,10,2033,3,1,sss,9999988888,5
vitac,vc1,5,(79,80,81,82,83,)10.000000,28,10,2033,3,1,sss,9999988888,5
